timestamp: '2025-04-23T19:49:05.561711+00:00'
best_model: GradientBoostingClassifier
best_model_params:
  n_estimators: 110
  learning_rate: 0.2521852636504321
  max_depth: 5
train_metrics:
  accuracy: 0.9903106298090624
  f1: 0.9899941141848146
  precision: 0.9894117647058823
  recall: 0.9905771495877503
val_metrics:
  accuracy: 0.9478632478632478
  f1: 0.9469103568320278
  precision: 0.9331046312178388
  recall: 0.9611307420494699
optimization:
  method: optuna
  best_trial: 18
  n_trials: 30
  direction: maximize
  cv:
    folds: 5
    mean_score: 0.9467151119076938
    std_score: 0.0
