timestamp: '2025-04-30T20:53:51.004763+00:00'
best_model: GradientBoostingClassifier
best_model_params:
  n_estimators: 150
  learning_rate: 0.08729587205374567
  max_depth: 4
train_metrics:
  accuracy: 0.9697919635223711
  f1: 0.9689331770222743
  precision: 0.9644107351225204
  recall: 0.9734982332155477
val_metrics:
  accuracy: 0.9529914529914529
  f1: 0.9520488230165649
  precision: 0.9397590361445783
  recall: 0.9646643109540636
optimization:
  enabled: true
  best_trial: 23
  cv_folds: 5
  direction: maximize
  mean_score: 0.9469971672539433
