timestamp: '2025-05-12T15:48:46.457216+00:00'
best_model: GradientBoostingClassifier
best_model_params:
  n_estimators: 170
  learning_rate: 0.14629052453250846
  max_depth: 3
train_metrics:
  accuracy: 0.9680820746651467
  f1: 0.9672322995904038
  precision: 0.961046511627907
  recall: 0.9734982332155477
val_metrics:
  accuracy: 0.9504273504273504
  f1: 0.9492119089316988
  precision: 0.9409722222222222
  recall: 0.9575971731448764
optimization:
  enabled: true
  best_trial: 25
  cv_folds: 5
  direction: maximize
  mean_score: 0.945286952704927
