train_metrics:
  accuracy: 0.9823311484753491
  f1: 0.9817432273262662
  precision: 0.9817432273262662
  recall: 0.9817432273262662
val_metrics:
  accuracy: 0.9547008547008548
  f1: 0.9536307961504812
  precision: 0.9445407279029463
  recall: 0.9628975265017667
test_metrics:
  accuracy: 0.9418803418803419
  f1: 0.9401408450704225
  precision: 0.9368421052631579
  recall: 0.9434628975265018
