train_metrics:
  accuracy: 0.9811912225705329
  f1: 0.9805539186800236
  precision: 0.9811320754716981
  recall: 0.9799764428739693
val_metrics:
  accuracy: 0.9521367521367521
  f1: 0.951048951048951
  precision: 0.9411764705882353
  recall: 0.9611307420494699
test_metrics:
  accuracy: 0.9461538461538461
  f1: 0.9447852760736196
  precision: 0.9373913043478261
  recall: 0.9522968197879859
