timestamp: '2025-05-01T00:15:12.546084+00:00'
best_model: GradientBoostingClassifier
best_model_params:
  n_estimators: 110
  learning_rate: 0.14278048295926102
  max_depth: 5
train_metrics:
  accuracy: 0.9837560558563694
  f1: 0.9831907991742849
  precision: 0.9846426461901949
  recall: 0.9817432273262662
val_metrics:
  accuracy: 0.9521367521367521
  f1: 0.9509632224168126
  precision: 0.9427083333333334
  recall: 0.9593639575971732
optimization:
  enabled: true
  best_trial: 16
  cv_folds: 5
  direction: maximize
  mean_score: 0.9467130798086577
