timestamp: '2025-04-26T10:43:11.899394+00:00'
best_model: GradientBoostingClassifier
best_model_params:
  n_estimators: 140
  learning_rate: 0.4519272830016653
  max_depth: 3
train_metrics:
  accuracy: 0.9809062410943289
  f1: 0.9803114898618865
  precision: 0.9782991202346041
  recall: 0.9823321554770318
val_metrics:
  accuracy: 0.9529914529914529
  f1: 0.9514563106796117
  precision: 0.9506172839506173
  recall: 0.9522968197879859
optimization:
  enabled: true
  best_trial: 2
  cv_folds: 5
  direction: maximize
  mean_score: 0.9475673742435511
