train_metrics:
  accuracy: 0.9883157594756341
  f1: 0.9879020359988198
  precision: 0.989946777054997
  recall: 0.9858657243816255
val_metrics:
  accuracy: 0.9504273504273504
  f1: 0.9490333919156415
  precision: 0.9440559440559441
  recall: 0.9540636042402827
test_metrics:
  accuracy: 0.9512820512820512
  f1: 0.9496910856134158
  precision: 0.9488536155202821
  recall: 0.950530035335689
