timestamp: '2025-05-12T15:43:58.447575+00:00'
best_model: GradientBoostingClassifier
best_model_params:
  n_estimators: 70
  learning_rate: 0.19723104464761598
  max_depth: 5
train_metrics:
  accuracy: 0.982046166999145
  f1: 0.9814651368049426
  precision: 0.9805996472663139
  recall: 0.9823321554770318
val_metrics:
  accuracy: 0.947008547008547
  f1: 0.9460869565217391
  precision: 0.9315068493150684
  recall: 0.9611307420494699
optimization:
  enabled: true
  best_trial: 24
  cv_folds: 5
  direction: maximize
  mean_score: 0.9469971672539433
