train_metrics:
  accuracy: 0.9823311484753491
  f1: 0.9817216981132075
  precision: 0.9828807556080283
  recall: 0.980565371024735
val_metrics:
  accuracy: 0.9512820512820512
  f1: 0.9503051438535309
  precision: 0.9380378657487092
  recall: 0.9628975265017667
test_metrics:
  accuracy: 0.9427350427350427
  f1: 0.9412795793163892
  precision: 0.9339130434782609
  recall: 0.9487632508833922
