timestamp: '2025-05-01T00:19:20.779275+00:00'
best_model: GradientBoostingClassifier
best_model_params:
  n_estimators: 170
  learning_rate: 0.1460710767974976
  max_depth: 4
train_metrics:
  accuracy: 0.9806212596181249
  f1: 0.9800235017626322
  precision: 0.977725674091442
  recall: 0.9823321554770318
val_metrics:
  accuracy: 0.9521367521367521
  f1: 0.9512195121951219
  precision: 0.9381443298969072
  recall: 0.9646643109540636
optimization:
  enabled: true
  best_trial: 24
  cv_folds: 5
  direction: maximize
  mean_score: 0.9461416535596279
