train_metrics:
  accuracy: 0.9598176118552294
  f1: 0.958590308370044
  precision: 0.9560632688927944
  recall: 0.9611307420494699
val_metrics:
  accuracy: 0.9504273504273504
  f1: 0.9491228070175438
  precision: 0.9425087108013938
  recall: 0.9558303886925795
test_metrics:
  accuracy: 0.9435897435897436
  f1: 0.9424083769633508
  precision: 0.9310344827586207
  recall: 0.9540636042402827
