train_metrics:
  accuracy: 0.982046166999145
  f1: 0.9814651368049426
  precision: 0.9805996472663139
  recall: 0.9823321554770318
val_metrics:
  accuracy: 0.947008547008547
  f1: 0.9460869565217391
  precision: 0.9315068493150684
  recall: 0.9611307420494699
test_metrics:
  accuracy: 0.9461538461538461
  f1: 0.9448818897637795
  precision: 0.9358752166377816
  recall: 0.9540636042402827
