timestamp: '2025-05-12T15:46:29.183193+00:00'
best_model: GradientBoostingClassifier
best_model_params:
  n_estimators: 70
  learning_rate: 0.38014613764179594
  max_depth: 4
train_metrics:
  accuracy: 0.9823311484753491
  f1: 0.9817432273262662
  precision: 0.9817432273262662
  recall: 0.9817432273262662
val_metrics:
  accuracy: 0.9547008547008548
  f1: 0.9536307961504812
  precision: 0.9445407279029463
  recall: 0.9628975265017667
optimization:
  enabled: true
  best_trial: 28
  cv_folds: 5
  direction: maximize
  mean_score: 0.9467138926482722
