train_metrics:
  accuracy: 0.9806212596181249
  f1: 0.9800235017626322
  precision: 0.977725674091442
  recall: 0.9823321554770318
val_metrics:
  accuracy: 0.9521367521367521
  f1: 0.9512195121951219
  precision: 0.9381443298969072
  recall: 0.9646643109540636
test_metrics:
  accuracy: 0.9478632478632478
  f1: 0.9466316710411199
  precision: 0.9376083188908145
  recall: 0.9558303886925795
