timestamp: '2025-05-01T20:00:22.844054+00:00'
best_model: GradientBoostingClassifier
best_model_params:
  n_estimators: 130
  learning_rate: 0.10381281307760015
  max_depth: 6
train_metrics:
  accuracy: 0.9883157594756341
  f1: 0.9879020359988198
  precision: 0.989946777054997
  recall: 0.9858657243816255
val_metrics:
  accuracy: 0.9504273504273504
  f1: 0.9490333919156415
  precision: 0.9440559440559441
  recall: 0.9540636042402827
optimization:
  enabled: true
  best_trial: 17
  cv_folds: 5
  direction: maximize
  mean_score: 0.9481383940727734
