timestamp: '2025-05-01T00:17:02.145272+00:00'
best_model: GradientBoostingClassifier
best_model_params:
  n_estimators: 180
  learning_rate: 0.08412137981423784
  max_depth: 3
train_metrics:
  accuracy: 0.9598176118552294
  f1: 0.958590308370044
  precision: 0.9560632688927944
  recall: 0.9611307420494699
val_metrics:
  accuracy: 0.9504273504273504
  f1: 0.9491228070175438
  precision: 0.9425087108013938
  recall: 0.9558303886925795
optimization:
  enabled: true
  best_trial: 17
  cv_folds: 5
  direction: maximize
  mean_score: 0.9469975736737506
