train_metrics:
  accuracy: 0.9680820746651467
  f1: 0.9671939074399531
  precision: 0.9621212121212122
  recall: 0.9723203769140165
val_metrics:
  accuracy: 0.9521367521367521
  f1: 0.951048951048951
  precision: 0.9411764705882353
  recall: 0.9611307420494699
test_metrics:
  accuracy: 0.947008547008547
  f1: 0.9457092819614711
  precision: 0.9375
  recall: 0.9540636042402827
