timestamp: '2025-05-01T20:31:54.825525+00:00'
best_model: GradientBoostingClassifier
best_model_params:
  n_estimators: 180
  learning_rate: 0.080784112901927
  max_depth: 5
train_metrics:
  accuracy: 0.9823311484753491
  f1: 0.9817216981132075
  precision: 0.9828807556080283
  recall: 0.980565371024735
val_metrics:
  accuracy: 0.9512820512820512
  f1: 0.9503051438535309
  precision: 0.9380378657487092
  recall: 0.9628975265017667
optimization:
  enabled: true
  best_trial: 23
  cv_folds: 5
  direction: maximize
  mean_score: 0.9475669678237437
