timestamp: '2025-05-12T15:53:54.105378+00:00'
best_model: GradientBoostingClassifier
best_model_params:
  n_estimators: 120
  learning_rate: 0.11408698642705434
  max_depth: 5
train_metrics:
  accuracy: 0.9811912225705329
  f1: 0.9805539186800236
  precision: 0.9811320754716981
  recall: 0.9799764428739693
val_metrics:
  accuracy: 0.9521367521367521
  f1: 0.951048951048951
  precision: 0.9411764705882353
  recall: 0.9611307420494699
optimization:
  enabled: true
  best_trial: 26
  cv_folds: 5
  direction: maximize
  mean_score: 0.9472828803784582
