train_metrics:
  accuracy: 0.9697919635223711
  f1: 0.9689331770222743
  precision: 0.9644107351225204
  recall: 0.9734982332155477
val_metrics:
  accuracy: 0.9529914529914529
  f1: 0.9520488230165649
  precision: 0.9397590361445783
  recall: 0.9646643109540636
test_metrics:
  accuracy: 0.9452991452991453
  f1: 0.944153577661431
  precision: 0.9327586206896552
  recall: 0.9558303886925795
