train_metrics:
  accuracy: 0.9680820746651467
  f1: 0.9672322995904038
  precision: 0.961046511627907
  recall: 0.9734982332155477
val_metrics:
  accuracy: 0.9504273504273504
  f1: 0.9492119089316988
  precision: 0.9409722222222222
  recall: 0.9575971731448764
test_metrics:
  accuracy: 0.9452991452991453
  f1: 0.9442508710801394
  precision: 0.9312714776632303
  recall: 0.9575971731448764
