timestamp: '2025-04-23T19:55:33.800270+00:00'
best_model: GradientBoostingClassifier
best_model_params:
  n_estimators: 150
  learning_rate: 0.11079234563720855
  max_depth: 5
train_metrics:
  accuracy: 0.9843260188087775
  f1: 0.983809243450103
  precision: 0.9835197174808711
  recall: 0.9840989399293286
val_metrics:
  accuracy: 0.9495726495726495
  f1: 0.948471615720524
  precision: 0.9378238341968912
  recall: 0.9593639575971732
optimization:
  method: optuna
  best_trial: 11
  n_trials: 30
  direction: maximize
  cv:
    folds: 5
    mean_score: 0.9487073818029594
    std_score: 0.0
