train_metrics:
  accuracy: 0.9837560558563694
  f1: 0.9831907991742849
  precision: 0.9846426461901949
  recall: 0.9817432273262662
val_metrics:
  accuracy: 0.9521367521367521
  f1: 0.9509632224168126
  precision: 0.9427083333333334
  recall: 0.9593639575971732
test_metrics:
  accuracy: 0.9444444444444444
  f1: 0.9428320140721196
  precision: 0.9387040280210157
  recall: 0.9469964664310954
